-6.030560135841369629e-01
2.463668584823608398e-02
-3.172419667243957520e-01
3.240069746971130371e-01
1.316353976726531982e-01
8.554555773735046387e-01
1.904869794845581055e+00
1.307175904512405396e-01
1.155568838119506836e+00
5.477929711341857910e-01
-4.837274551391601562e-03
-1.037254691123962402e+00
4.591561108827590942e-02
8.889811038970947266e-01
-6.795065402984619141e-01
-2.912793755531311035e-01
-3.851335495710372925e-02
-2.986421585083007812e-01
5.129855871200561523e-01
-6.092904806137084961e-01
-9.688162803649902344e-02
-4.095480442047119141e-01
6.608279943466186523e-01
-1.066631555557250977e+00
-1.373398065567016602e+00
3.138583898544311523e-02
-2.961074113845825195e-01
1.308363914489746094e+00
1.840750277042388916e-01
-3.644555807113647461e-03
-6.503331661224365234e-01
-8.309445381164550781e-01
5.760692358016967773e-01
-3.030059337615966797e-01
-7.099055051803588867e-01
1.435613632202148438e-01
1.338481009006500244e-01
-4.662437438964843750e-01
-5.224733352661132812e-01
-3.381481468677520752e-01
-1.127587676048278809e+00
-4.019282460212707520e-01
-1.642660796642303467e-01
1.861622631549835205e-01
-1.497174501419067383e-01
-6.020809710025787354e-02
-3.189518451690673828e-01
5.685627460479736328e-01
4.901000261306762695e-01
5.929425358772277832e-03
-1.831391155719757080e-01
1.696960806846618652e+00
6.638175845146179199e-01
-2.909377217292785645e-01
8.193387389183044434e-01
1.771206706762313843e-01
-6.275323033332824707e-01
1.391447782516479492e-01
9.430887699127197266e-01
-6.607678532600402832e-02
2.321042120456695557e-01
-7.558330297470092773e-01
7.662571221590042114e-02
-8.628892898559570312e-01
4.072501659393310547e-01
-2.565852701663970947e-01
-5.381761789321899414e-01
4.547004997730255127e-01
-4.376995861530303955e-01
3.122555315494537354e-01
-7.673711776733398438e-01
-6.360203623771667480e-01
5.518728494644165039e-01
8.487701416015625000e-02
-4.476557672023773193e-02
2.097246050834655762e-02
4.553919434547424316e-01
-3.204188346862792969e-01
6.457424163818359375e-01
8.477371931076049805e-01
-2.564830482006072998e-01
-7.921725511550903320e-03
3.317824006080627441e-01
-2.875929176807403564e-01
6.882649064064025879e-01
3.140989840030670166e-01
-5.140414834022521973e-01
1.067252278327941895e+00
6.090829968452453613e-01
-5.912311077117919922e-01
-1.104811429977416992e-01
-3.803032040596008301e-01
-4.389871656894683838e-01
3.338328003883361816e-01
1.663282990455627441e+00
4.013241231441497803e-01
9.038856625556945801e-02
3.851906955242156982e-01
7.709245681762695312e-01
-4.577525258064270020e-01
1.328953802585601807e-01
-1.226460933685302734e-02
-1.426195800304412842e-01
-1.945709586143493652e-01
5.266287922859191895e-01
-1.017463922500610352e+00
-3.350645303726196289e-03
-2.249592542648315430e-01
9.430528879165649414e-01
5.379876494407653809e-01
-1.177919507026672363e+00
3.087508082389831543e-01
6.406818628311157227e-01
4.334821701049804688e-01
1.010793089866638184e+00
-6.753474473953247070e-02
5.026816129684448242e-01
2.631231844425201416e-01
3.763526380062103271e-01
7.610924839973449707e-01
1.150558292865753174e-01
-6.760613918304443359e-01
-7.862672209739685059e-01
1.904571652412414551e-01
-1.932544112205505371e-01
-3.510407507419586182e-01
1.270490884780883789e-01
-4.060512781143188477e-01
-1.473097801208496094e-01
-1.522706151008605957e-01
5.456408262252807617e-01
3.830111622810363770e-01
-8.348777890205383301e-03
-2.458176910877227783e-01
1.278408765792846680e+00
-5.756612122058868408e-02
1.126634836196899414e+00
2.314600944519042969e-01
-4.014745056629180908e-01
8.056936264038085938e-01
-1.155568659305572510e-01
-3.788706064224243164e-01
-1.078705906867980957e+00
-2.622448503971099854e-01
-3.402454853057861328e-01
-4.518795013427734375e-02
1.509546339511871338e-01
1.022671461105346680e+00
-4.956138730049133301e-01
-1.040250539779663086e+00
-5.528528690338134766e-01
-8.175599575042724609e-02
-1.453624069690704346e-01
4.461680650711059570e-01
-1.056370735168457031e+00
-2.936512529850006104e-01
-6.487002372741699219e-01
-5.932756662368774414e-01
1.234508454799652100e-01
-3.083533942699432373e-01
7.465039193630218506e-02
6.904719471931457520e-01
-8.730630874633789062e-01
5.158913135528564453e-01
-3.387517929077148438e-01
8.468443155288696289e-01
-1.050207167863845825e-01
4.332282245159149170e-01
8.440163731575012207e-01
-8.659081459045410156e-01
2.421087920665740967e-01
-9.867023825645446777e-01
-2.581400871276855469e-01
2.633346915245056152e-01
-8.124967813491821289e-01
2.781549096107482910e-01
1.437499523162841797e-01
2.808595299720764160e-01
2.892857491970062256e-01
-5.211504101753234863e-01
-6.896270513534545898e-01
6.410694718360900879e-01
-3.596792221069335938e-01
7.599320411682128906e-01
-1.540665626525878906e-01
-9.231752157211303711e-01
-7.138070464134216309e-02
-6.758486032485961914e-01
-9.510561227798461914e-01
-2.197407782077789307e-01
-2.250645309686660767e-01
6.616151332855224609e-02
5.246937870979309082e-01
8.147585391998291016e-01
7.027256488800048828e-01
-6.017530560493469238e-01
-8.936173915863037109e-01
-3.520382642745971680e-01
5.726288557052612305e-01
-1.197436094284057617e+00
-8.391023874282836914e-01
7.537144422531127930e-01
-2.294368296861648560e-01
1.232448518276214600e-01
2.692710757255554199e-01
-6.400740146636962891e-01
6.263266801834106445e-01
-2.438801825046539307e-01
3.934527933597564697e-02
2.113550454378128052e-01
1.224319696426391602e+00
9.634550809860229492e-01
-8.122361898422241211e-01
-1.753332093358039856e-02
2.742040157318115234e-02
-5.005427598953247070e-01
3.863665461540222168e-02
2.606965601444244385e-01
-2.465063780546188354e-01
-2.084094285964965820e-01
6.403706073760986328e-01
-9.262597560882568359e-01
5.298564434051513672e-01
6.386897563934326172e-01
-3.737405538558959961e-01
-3.770962953567504883e-01
1.953735947608947754e-01
1.385984271764755249e-01
-4.326218366622924805e-02
3.223499655723571777e-02
-5.818373560905456543e-01
-3.209288716316223145e-01
1.655477434396743774e-01
4.451502561569213867e-01
2.373334169387817383e-01
-9.862821102142333984e-01
-9.614449739456176758e-01
3.778060972690582275e-01
4.787075817584991455e-01
-9.010961651802062988e-02
-4.421626329421997070e-01
8.860211968421936035e-01
2.303334176540374756e-01
-7.586614787578582764e-02
-4.453569352626800537e-01
-5.622649192810058594e-01
3.809750080108642578e-01
5.644464492797851562e-02
5.871540307998657227e-01
1.545121669769287109e-01
2.099987268447875977e-01
2.075924128293991089e-01
-1.030972599983215332e+00
-2.449252605438232422e-01
-5.139906406402587891e-01
-8.846419453620910645e-01
-1.630983948707580566e-01
-8.358997106552124023e-01
3.945683240890502930e-01
-1.693237274885177612e-01
3.718475699424743652e-01
-1.769224554300308228e-01
-1.162785589694976807e-01
4.347857236862182617e-01
-6.589020490646362305e-01
-1.094585418701171875e+00
-2.915949225425720215e-01
2.321729809045791626e-02
-9.814023971557617188e-02
1.102010726928710938e+00
4.226219058036804199e-01
5.683389306068420410e-01
1.194078177213668823e-01
5.889394879341125488e-01
5.585008859634399414e-02
5.080112218856811523e-01
-8.744932413101196289e-01
-1.158064365386962891e+00
4.017090201377868652e-01
7.345823049545288086e-01
4.589979648590087891e-01
1.292877435684204102e+00
-3.840060234069824219e-01
3.267951607704162598e-01
-9.234207868576049805e-01
-8.362803459167480469e-01
-8.890644311904907227e-01
-9.555085301399230957e-01
-3.490343093872070312e-01
-5.502663850784301758e-01
-3.971744179725646973e-01
1.043902158737182617e+00
4.780312776565551758e-01
-8.436309695243835449e-01
-1.808471083641052246e-01
2.217337489128112793e-02
6.023632287979125977e-01
-3.218103647232055664e-01
-8.101728558540344238e-01
9.872179031372070312e-01
7.014757394790649414e-01
6.673532724380493164e-01
-3.459141850471496582e-01
9.646085500717163086e-01
-5.172569751739501953e-01
-9.110877513885498047e-01
-1.033313870429992676e+00
-7.958828210830688477e-01
-4.992573261260986328e-01
1.766890734434127808e-01
6.222776770591735840e-01
4.148683547973632812e-01
-8.502309918403625488e-01
3.072379827499389648e-01
-6.200084090232849121e-01
-5.761987566947937012e-01
-3.745192289352416992e-01
-3.400071263313293457e-01
3.404211997985839844e-01
-1.381448805332183838e-01
-2.239089608192443848e-01
4.533381164073944092e-01
1.273871064186096191e+00
-1.398407459259033203e+00
3.027696609497070312e-01
-1.095260858535766602e+00
4.971250593662261963e-01
-9.228010475635528564e-02
3.878208398818969727e-01
7.812803983688354492e-01
-4.423458576202392578e-01
-5.577620863914489746e-01
9.039840847253799438e-02
1.222473084926605225e-01
-9.320452809333801270e-03
-3.743444681167602539e-01
-4.140670299530029297e-01
-2.471183240413665771e-02
-4.459193348884582520e-02
-3.299711644649505615e-01
2.728282511234283447e-01
8.637026548385620117e-01
8.890990018844604492e-01
-5.718032121658325195e-01
4.216927886009216309e-01
-2.776651680469512939e-01
7.106536626815795898e-01
4.241312146186828613e-01
8.743534684181213379e-01
-3.152942657470703125e-01
-6.252270340919494629e-01
-6.096403598785400391e-01
5.575413703918457031e-01
2.481904029846191406e-01
3.592482805252075195e-01
3.167788684368133545e-02
9.429712891578674316e-01
-5.988180637359619141e-01
1.146340519189834595e-01
-2.536553740501403809e-01
-3.138492107391357422e-01
1.248530030250549316e+00
-6.881400346755981445e-01
-7.619389891624450684e-01
-1.557749211788177490e-01
3.269911706447601318e-01
-8.137222528457641602e-01
1.718167364597320557e-01
9.772306680679321289e-01
-7.199841141700744629e-01
-4.525849223136901855e-01
-4.810001254081726074e-01
-2.937200665473937988e-02
-8.418991565704345703e-01
4.499631524085998535e-01
-1.542168259620666504e+00
-1.480638742446899414e+00
-5.384161472320556641e-01
-7.968558669090270996e-01
3.172971308231353760e-02
4.981025159358978271e-01
-2.165341973304748535e-01
-2.616000175476074219e-01
-7.178667187690734863e-02
-1.630919814109802246e+00
3.475029766559600830e-01
4.308267533779144287e-01
-5.541290640830993652e-01
8.893382549285888672e-01
4.595193266868591309e-01
1.852569580078125000e-01
7.538448572158813477e-01
7.519058585166931152e-01
-7.922760248184204102e-01
4.822648167610168457e-01
2.834131121635437012e-01
2.253778725862503052e-01
8.363213539123535156e-01
-1.210659742355346680e-02
3.745734691619873047e-01
-5.664052963256835938e-01
-7.394857406616210938e-01
9.016247987747192383e-01
1.440641880035400391e-01
-2.556617856025695801e-01
9.500020146369934082e-01
1.182549834251403809e+00
4.375067949295043945e-01
-4.199707806110382080e-01
-3.908597826957702637e-01
-1.120170801877975464e-01
1.000292062759399414e+00
9.905475378036499023e-01
9.299302697181701660e-01
4.334862530231475830e-01
9.157149791717529297e-01
-5.126024484634399414e-01
5.299797654151916504e-02
-2.419870495796203613e-01
-1.979727745056152344e-01
2.618555426597595215e-01
-2.209562808275222778e-01
-4.585674107074737549e-01
9.999405741691589355e-01
2.646582424640655518e-01
2.590567469596862793e-01
-1.121893048286437988e+00
-2.178877741098403931e-01
-4.873947501182556152e-01
8.039959669113159180e-01
-2.746908664703369141e-01
4.215808510780334473e-01
5.655600875616073608e-02
9.098714590072631836e-01
-5.769081711769104004e-01
5.646325945854187012e-01
7.906999588012695312e-01
6.602096557617187500e-01
-7.794848084449768066e-01
-5.857222676277160645e-01
1.596338301897048950e-01
-8.948966860771179199e-02
5.793160796165466309e-01
-2.778849899768829346e-01
1.072475612163543701e-01
-3.490203917026519775e-01
5.880634188652038574e-01
-7.228758335113525391e-01
7.718296647071838379e-01
3.543176054954528809e-01
5.974164605140686035e-01
3.742917776107788086e-01
6.025297641754150391e-01
3.773093819618225098e-01
-3.055648505687713623e-01
7.278510928153991699e-02
-2.226002365350723267e-01
2.400491535663604736e-01
1.421461552381515503e-01
3.480910658836364746e-01
3.174010217189788818e-01
-2.778415679931640625e-01
1.136146709322929382e-01
-8.368736505508422852e-02
8.821979910135269165e-02
3.345342278480529785e-01
-5.017792582511901855e-01
9.412197470664978027e-01
-5.406810045242309570e-01
7.398819923400878906e-01
7.831435203552246094e-01
-1.130411863327026367e+00
-7.358035445213317871e-02
8.303173780441284180e-01
-3.392078280448913574e-01
6.798427104949951172e-01
1.127578020095825195e-01
-2.316615581512451172e-01
-2.565925121307373047e-01
2.081008404493331909e-01
6.939518451690673828e-01
8.456907868385314941e-01
8.408098220825195312e-01
-2.456615269184112549e-01
-1.041709184646606445e+00
2.688555717468261719e-01
-2.427699863910675049e-01
-7.678653001785278320e-01
8.450992405414581299e-02
-9.973376989364624023e-01
6.271469593048095703e-02
5.521011352539062500e-01
-1.345115542411804199e+00
-7.715003490447998047e-01
-1.595874726772308350e-01
1.201958894729614258e+00
-1.522080302238464355e-01
-5.592221021652221680e-01
3.098519444465637207e-01
-6.315327286720275879e-01
3.300800919532775879e-01
6.212487816810607910e-01
3.650574684143066406e-01
7.661594152450561523e-01
7.138882279396057129e-01
1.785766482353210449e-01
-6.153295040130615234e-01
8.155710697174072266e-01
-3.465217351913452148e-01
3.130795359611511230e-01
1.881665289402008057e-01
6.073730587959289551e-01
